LABIRINTO 10 25
0 1 0 1 0 1 1 0 1 1 0 0 0 1 1 0 1 1 1 1 1 1 1 1 1 
0 0 0 1 1 1 0 0 0 1 0 1 0 0 1 1 0 1 0 1 1 1 1 0 1 
1 0 1 1 0 1 1 1 0 0 1 0 0 0 1 0 1 1 1 1 1 1 1 0 0 
1 1 0 0 1 0 1 1 1 1 0 0 0 0 1 0 0 1 1 0 1 0 0 1 0 
1 0 0 0 1 1 1 1 1 1 1 0 1 0 1 1 1 1 0 1 1 1 1 1 0 
1 1 1 1 1 0 1 1 1 1 0 1 0 1 1 0 1 1 0 1 0 1 1 1 0 
1 1 1 1 1 1 1 1 1 1 1 0 1 1 1 1 0 0 0 0 0 1 1 0 1 
0 1 0 0 1 1 0 0 1 1 1 1 1 1 0 0 1 0 0 0 1 1 1 1 1 
0 1 0 1 0 1 0 1 1 1 1 1 0 1 1 1 0 1 1 1 1 1 1 1 0 
0 0 0 1 1 0 0 1 0 0 1 0 0 1 0 1 0 0 1 0 0 0 1 0 0 
QUESTÃO 07
Origem: 0 6
Destino: 9 15

Tempo: 0.1336ms
Nós Aberto: 8
Nós Fechado: 37
Comprimento: 17.6569
Profundidade: 16

LABIRINTO 10 25
0 1 0 1 0 1 1 0 1 1 0 0 0 1 1 0 1 1 1 1 1 1 1 1 1 
0 0 0 1 1 1 0 0 0 1 0 1 0 0 1 1 0 1 0 1 1 1 1 0 1 
1 0 1 1 0 1 1 1 0 0 1 0 0 0 1 0 1 1 1 1 1 1 1 0 0 
1 1 0 0 1 0 1 1 1 1 0 0 0 0 1 0 0 1 1 0 1 0 0 1 0 
1 0 0 0 1 1 1 1 1 1 1 0 1 0 1 1 1 1 0 1 1 1 1 1 0 
1 1 1 1 1 0 1 1 1 1 0 1 0 1 1 0 1 1 0 1 0 1 1 1 0 
1 1 1 1 1 1 1 1 1 1 1 0 1 1 1 1 0 0 0 0 0 1 1 0 1 
0 1 0 0 1 1 0 0 1 1 1 1 1 1 0 0 1 0 0 0 1 1 1 1 1 
0 1 0 1 0 1 0 1 1 1 1 1 0 1 1 1 0 1 1 1 1 1 1 1 0 
0 0 0 1 1 0 0 1 0 0 1 0 0 1 0 1 0 0 1 0 0 0 1 0 0 
QUESTÃO 06
Origem: 2 0
Destino: 0 24

Tempo: 0.3101ms
Nós Aberto: 16
Nós Fechado: 72
Comprimento: 31.8995
Profundidade: 29

LABIRINTO 20 50
1 1 1 1 0 1 1 1 1 1 1 1 1 1 1 1 1 1 1 1 1 1 1 1 1 1 1 1 1 0 1 1 1 1 1 1 1 1 1 1 1 1 1 1 1 1 1 1 1 1
1 1 1 1 0 1 1 1 1 1 1 1 0 1 1 0 0 0 0 0 1 1 1 1 1 1 1 1 1 0 1 1 1 1 1 1 1 0 1 1 1 1 1 1 0 1 1 1 1 1
1 1 1 1 0 1 1 1 0 1 1 1 0 1 1 1 1 1 1 0 1 1 1 1 1 1 1 1 1 0 1 1 1 0 1 1 1 0 1 1 1 1 1 1 0 1 1 1 1 1
1 1 1 1 1 1 1 1 0 1 1 1 0 1 1 1 1 1 1 0 1 1 1 1 1 1 1 1 1 1 1 1 1 0 1 1 1 0 1 1 0 0 0 0 0 1 1 1 1 1
1 1 1 1 1 1 1 1 0 1 1 1 1 1 1 1 1 1 1 1 1 1 1 1 1 1 1 1 1 1 1 1 1 0 1 1 1 1 1 1 1 1 1 1 1 1 1 1 1 1
1 1 1 1 0 1 1 1 1 1 1 1 1 1 1 1 1 1 1 1 1 1 1 1 1 1 1 1 1 0 1 1 1 1 1 1 1 1 1 1 1 1 1 1 1 1 1 1 1 1
1 1 1 1 0 1 1 1 1 1 1 1 0 1 1 0 0 0 0 0 1 1 1 1 1 1 1 1 1 0 1 1 1 1 1 1 1 0 1 1 1 1 1 1 0 1 1 1 1 1
1 1 1 1 0 1 1 1 0 1 1 1 0 1 1 1 1 1 1 0 1 1 1 1 1 1 1 1 1 0 1 1 1 0 1 1 1 0 1 1 1 1 1 1 0 1 1 1 1 1
1 1 1 1 1 1 1 1 0 1 1 1 0 1 1 1 1 1 1 0 1 1 1 1 1 1 1 1 1 1 1 1 1 0 1 1 1 0 1 1 0 0 0 0 0 1 1 1 1 1
1 1 1 1 1 1 1 1 0 1 1 1 1 1 1 1 1 1 1 1 1 1 1 1 1 1 1 1 1 1 1 1 1 0 1 1 1 1 1 1 1 1 1 1 1 1 1 1 1 1
1 1 1 1 0 1 1 1 1 1 1 1 1 1 1 1 1 1 1 1 1 1 1 1 1 1 1 1 1 0 1 1 1 1 1 1 1 1 1 1 1 1 1 1 1 1 1 1 1 1
1 1 1 1 0 1 1 1 1 1 1 1 0 1 1 0 0 0 0 0 1 1 1 1 1 1 1 1 1 0 1 1 1 1 1 1 1 0 1 1 1 1 1 1 0 1 1 1 1 1
1 1 1 1 0 1 1 1 0 1 1 1 0 1 1 1 1 1 1 0 1 1 1 1 1 1 1 1 1 0 1 1 1 0 1 1 1 0 1 1 1 1 1 1 0 1 1 1 1 1
1 1 1 1 1 1 1 1 0 1 1 1 0 1 1 1 1 1 1 0 1 1 1 1 1 1 1 1 1 1 1 1 1 0 1 1 1 0 1 1 0 0 0 0 0 1 1 1 1 1
1 1 1 1 1 1 1 1 0 1 1 1 1 1 1 1 1 1 1 1 1 1 1 1 1 1 1 1 1 1 1 1 1 0 1 1 1 1 1 1 1 1 1 1 1 1 1 1 1 1
1 1 1 1 0 1 1 1 1 1 1 1 1 1 1 1 1 1 1 1 1 1 1 1 1 1 1 1 1 0 1 1 1 1 1 1 1 1 1 1 1 1 1 1 1 1 1 1 1 1
1 1 1 1 0 1 1 1 1 1 1 1 0 1 1 0 0 0 0 0 1 1 1 1 1 1 1 1 1 0 1 1 1 1 1 1 1 0 1 1 1 1 1 1 0 1 1 1 1 1
1 1 1 1 0 1 1 1 0 1 1 1 0 1 1 1 1 1 1 0 1 1 1 1 1 1 1 1 1 0 1 1 1 0 1 1 1 0 1 1 1 1 1 1 0 1 1 1 1 1
1 1 1 1 1 1 1 1 0 1 1 1 0 1 1 1 1 1 1 0 1 1 1 1 1 1 1 1 1 1 1 1 1 0 1 1 1 0 1 1 0 0 0 0 0 1 1 1 1 1
1 1 1 1 1 1 1 1 0 1 1 1 1 1 1 1 1 1 1 1 1 1 1 1 1 1 1 1 1 1 1 1 1 0 1 1 1 1 1 1 1 1 1 1 1 1 1 1 1 1
QUESTÃO 05
Origem: 0 0
Destino: 19 49

Tempo: 0.8201
Nós Aberto: 119
Nós Fechado: 78
Comprimento: 56.8701
Profundidade: 49


LABIRINTO 10 25
1 1 1 1 0 1 1 1 1 1 1 1 1 1 1 1 1 1 1 1 1 1 1 1 1
1 1 1 1 0 1 1 1 1 1 1 1 1 1 1 1 1 1 1 1 1 1 1 1 1
1 1 1 1 0 1 1 1 1 1 1 1 0 0 0 0 0 0 0 0 1 1 1 1 1
1 1 1 1 0 1 1 1 1 1 1 1 0 0 0 0 0 0 0 0 1 1 1 1 1
1 1 1 1 0 1 1 1 0 1 1 1 1 1 1 1 1 1 0 0 1 1 1 1 1
1 1 1 1 0 1 1 1 0 1 1 1 1 1 1 1 1 1 0 0 1 1 1 1 1
1 1 1 1 1 1 1 1 0 1 1 1 0 0 0 0 0 0 0 0 1 1 1 1 1
1 1 1 1 1 1 1 1 0 1 1 1 0 0 0 0 0 0 0 0 1 1 1 1 1
1 1 1 1 1 1 1 1 0 1 1 1 1 1 1 1 1 1 1 1 1 1 1 1 1
1 1 1 1 1 1 1 1 0 1 1 1 1 1 1 1 1 1 1 1 1 1 1 1 1
QUESTÃO 04
Origem: 0 0
Destino: 5 24

Tempo: 0.8051ms
Nós Aberto: 42
Nós Fechado: 103
Comprimento: 32.5563
Profundidade: 28

LABIRINTO 10 10
1 1 1 1 1 1 1 1 1 1 
1 1 1 1 1 1 1 1 1 1 
1 1 1 1 1 1 1 1 1 1 
1 1 1 1 1 1 1 1 1 1 
1 1 1 1 1 1 1 1 1 1 
1 1 1 1 1 1 1 1 1 1 
1 1 1 1 1 1 1 1 1 1 
1 1 1 1 1 1 1 1 0 0 
1 1 1 1 1 1 1 0 1 1 
1 1 1 1 1 1 1 0 1 1
QUESTÃO 03
Origem: 0 0
Destino: 9 9

Tempo: 0.6333ms
Nós Aberto: 0
Nós Fechado: 92
Comprimento: -1
Profundidade: -1

LABIRINTO 10 10
1 1 0 1 1 1 1 1 1 1 
1 1 0 1 1 1 1 1 1 1 
0 0 1 1 1 1 1 1 1 1 
1 1 1 1 1 1 1 1 1 1 
1 1 1 1 1 1 1 1 1 1 
1 1 1 1 1 1 1 1 1 1 
1 1 1 1 1 1 1 1 1 1 
1 1 1 1 1 1 1 1 1 1 
1 1 1 1 1 1 1 1 1 1 
1 1 1 1 1 1 1 1 1 1
QUESTÃO 02
Origem: 0 0
Destino: 9 9
Tempo: 0.013ms
Nós Aberto: 0
Nós Fechado: 4
Comprimento: -1
Profundidade: -1

LABIRINTO 10 10
1 1 1 1 1 1 1 1 1 1 
1 1 1 1 1 1 1 1 1 1 
1 1 1 1 1 1 1 1 1 1 
1 1 1 1 1 1 1 1 1 1 
1 1 1 1 1 1 1 1 1 1 
1 1 1 1 1 1 1 1 1 1 
1 1 1 1 1 1 1 1 1 1 
1 1 1 1 1 1 1 1 1 1 
1 1 1 1 1 1 1 1 1 1 
1 1 1 1 1 1 1 1 1 1
QUESTÃO 01
Origem: 0 0
Destino: 9 9
Tempo: 0.0623ms
Nós Aberto: 34
Nós Fechado: 10
Comprimento: 12.7279
Profundidade: 9




LABIRINTO 10 10
1 1 1 1 1 1 1 1 1 1 
1 0 0 0 0 0 0 0 0 1 
1 0 0 0 0 0 0 0 0 1 
1 0 0 0 0 0 0 0 0 1 
1 0 0 0 0 0 0 0 0 1 
1 0 0 0 0 0 0 0 0 1 
1 0 0 0 0 0 0 0 0 1 
1 0 0 0 0 0 0 0 0 1 
1 0 0 0 0 0 0 0 0 1 
1 1 1 1 1 1 1 1 1 1
QUESTÃO 08
Origem: 0 0
Destino: 9 9

Tempo: 0.0534ms
Nós Aberto: 1
Nós Fechado: 27
Comprimento: 18
Profundidade: 18

LABIRINTO 10 10
1 1 1 1 1 1 1 1 1 1 
1 0 0 0 0 0 0 0 0 1 
1 0 1 1 1 1 1 1 0 1 
1 0 1 1 1 1 1 1 0 1 
1 0 1 1 1 1 1 1 0 1 
1 0 1 1 1 1 1 1 0 1 
1 0 1 1 1 1 1 1 0 1 
1 0 1 1 1 1 1 1 0 1 
1 0 1 1 1 1 1 1 0 1 
1 1 1 1 1 1 1 1 1 1
QUESTÃO 09
Origem: 0 0
Destino: 9 9

Tempo: 0.0627ms
Nós Aberto: 7
Nós Fechado: 27
Comprimento: 18
Profundidade: 18

LABIRINTO 10 10
1 1 1 1 1 1 1 1 1 1 
1 1 0 0 0 0 0 0 1 1 
1 0 1 1 1 1 1 1 0 1 
1 0 1 1 1 1 1 1 0 1 
1 0 1 1 1 1 1 1 0 1 
1 0 1 1 1 1 1 1 0 1 
1 0 1 1 1 1 1 1 0 1 
1 0 1 1 1 1 1 1 0 1 
1 0 1 1 1 1 1 1 0 1 
1 1 1 1 1 1 1 1 1 1
QUESTÃO 10
Origem: 9 0
Destino: 0 9

Tempo: 0.3874ms
Nós Aberto: 4
Nós Fechado: 68
Comprimento: 17.4142
Profundidade: 17

